# of cluster: 7

log likelihood -56628.18984

cluster 0
pi:
0.00838
mu:
-1.26240 2.05430 -1.50350 
Lambda:
1.18485 -0.19248 -0.04244
-0.19248 2.20261 0.28918
-0.04244 0.28918 4.33895

cluster 1
pi:
0.20128
mu:
-5.01641 -0.00766 4.97456 
Lambda:
0.97932 0.04127 -0.01494
0.04127 1.99755 -0.01799
-0.01494 -0.01799 0.95189

cluster 2
pi:
0.39144
mu:
2.96925 -1.99779 3.04177 
Lambda:
0.50650 -0.01471 -0.00192
-0.01471 2.04476 -0.01286
-0.00192 -0.01286 0.51573

cluster 3
pi:
0.02048
mu:
-3.43900 2.17938 -1.07197 
Lambda:
1.13973 -0.34785 -0.64195
-0.34785 2.41231 0.85835
-0.64195 0.85835 1.92007

cluster 4
pi:
0.27308
mu:
-3.08451 1.98161 -3.21003 
Lambda:
0.50022 0.05583 0.00269
0.05583 2.07256 0.02897
0.00269 0.02897 0.58803

cluster 5
pi:
0.00425
mu:
2.17225 -1.75990 1.13504 
Lambda:
0.67507 0.09082 0.29168
0.09082 2.40054 -0.15915
0.29168 -0.15915 0.80808

cluster 6
pi:
0.10108
mu:
5.06481 -0.05336 -4.96965 
Lambda:
1.00165 -0.08344 0.01659
-0.08344 1.92358 0.01926
0.01659 0.01926 1.06090


Latent Variable

cluster 0
alpha:
8.38412e+04
beta:
8.38412e+04
m:
-1.26240 2.05430 -1.50350 
nu:
8.38432e+04
W:
1.41317e-05 -2.29568e-06 -5.06201e-07
-2.29568e-06 2.62706e-05 3.44911e-06
-5.06201e-07 3.44911e-06 5.17508e-05

cluster 1
alpha:
2.01285e+06
beta:
2.01285e+06
m:
-5.01641 -0.00766 4.97456 
nu:
2.01285e+06
W:
4.86534e-07 2.05037e-08 -7.42477e-09
2.05037e-08 9.92400e-07 -8.93967e-09
-7.42477e-09 -8.93967e-09 4.72909e-07

cluster 2
alpha:
3.91437e+06
beta:
3.91437e+06
m:
2.96925 -1.99779 3.04177 
nu:
3.91437e+06
W:
1.29395e-07 -3.75868e-09 -4.91773e-10
-3.75868e-09 5.22372e-07 -3.28516e-09
-4.91773e-10 -3.28516e-09 1.31754e-07

cluster 3
alpha:
2.04817e+05
beta:
2.04817e+05
m:
-3.43900 2.17938 -1.07197 
nu:
2.04819e+05
W:
5.56457e-06 -1.69835e-06 -3.13425e-06
-1.69835e-06 1.17778e-05 4.19078e-06
-3.13425e-06 4.19078e-06 9.37447e-06

cluster 4
alpha:
2.73083e+06
beta:
2.73083e+06
m:
-3.08451 1.98161 -3.21003 
nu:
2.73084e+06
W:
1.83173e-07 2.04443e-08 9.83233e-10
2.04443e-08 7.58949e-07 1.06077e-08
9.83233e-10 1.06077e-08 2.15328e-07

cluster 5
alpha:
4.24577e+04
beta:
4.24577e+04
m:
2.17225 -1.75990 1.13504 
nu:
4.24597e+04
W:
1.58992e-05 2.13896e-06 6.86957e-06
2.13896e-06 5.65370e-05 -3.74820e-06
6.86957e-06 -3.74820e-06 1.90318e-05

cluster 6
alpha:
1.01084e+06
beta:
1.01084e+06
m:
5.06481 -0.05336 -4.96965 
nu:
1.01085e+06
W:
9.90905e-07 -8.25472e-08 1.64132e-08
-8.25472e-08 1.90294e-06 1.90544e-08
1.64132e-08 1.90544e-08 1.04952e-06

