# of cluster: 8

log likelihood -56604.51668

cluster 0
pi:
0.29084
mu:
-3.08137 1.98739 -2.99016 
Lambda:
0.51602 0.02210 -0.00437
0.02210 2.04884 0.00661
-0.00437 0.00661 0.52610

cluster 1
pi:
0.10101
mu:
5.06707 -0.05409 -4.97185 
Lambda:
1.00792 -0.08797 0.01130
-0.08797 1.92458 0.02237
0.01130 0.02237 1.06613

cluster 2
pi:
0.22489
mu:
2.67607 -2.27806 3.19690 
Lambda:
0.55543 0.11333 -0.03132
0.11333 2.67086 -0.10238
-0.03132 -0.10238 0.53553

cluster 3
pi:
0.01120
mu:
-2.42106 2.24010 -3.71885 
Lambda:
1.72370 4.24157 -1.07230
4.24157 13.03316 -2.76213
-1.07230 -2.76213 1.04528

cluster 4
pi:
0.05099
mu:
3.18846 -1.56693 3.01457 
Lambda:
0.69032 0.72690 -0.20252
0.72690 7.42584 -0.45536
-0.20252 -0.45536 0.48520

cluster 5
pi:
0.11787
mu:
3.42995 -1.63081 2.70159 
Lambda:
0.54013 0.13531 0.03574
0.13531 2.21730 -0.06743
0.03574 -0.06743 0.55741

cluster 6
pi:
0.00281
mu:
0.08117 -2.04935 2.78644 
Lambda:
0.83463 0.91293 1.34703
0.91293 1.77333 0.97159
1.34703 0.97159 3.41878

cluster 7
pi:
0.20038
mu:
-5.02575 -0.00417 4.97957 
Lambda:
1.01031 0.02054 -0.02562
0.02054 2.01334 -0.01265
-0.02562 -0.01265 0.95623

