# of cluster: 8

log likelihood -56633.07904

cluster 0
pi:
0.00970
mu:
3.40305 -1.44825 0.73657 
Lambda:
0.55183 0.15054 -0.13358
0.15054 2.69069 -0.93817
-0.13358 -0.93817 1.30092

cluster 1
pi:
0.10109
mu:
5.05958 -0.05341 -4.96993 
Lambda:
0.96598 -0.06519 0.01923
-0.06519 1.91109 0.02167
0.01923 0.02167 1.06063

cluster 2
pi:
0.04987
mu:
-2.53206 1.83266 -4.15208 
Lambda:
0.44210 0.06764 -0.11103
0.06764 2.17662 0.13874
-0.11103 0.13874 0.61252

cluster 3
pi:
0.21252
mu:
-3.05281 2.14584 -2.89435 
Lambda:
0.56803 0.10899 -0.06049
0.10899 2.39093 -0.04437
-0.06049 -0.04437 0.61971

cluster 4
pi:
0.20121
mu:
-5.01923 -0.00615 4.97116 
Lambda:
0.99237 0.03388 -0.01396
0.03388 1.99886 -0.01342
-0.01396 -0.01342 0.94428

cluster 5
pi:
0.32201
mu:
2.98652 -2.12071 2.85687 
Lambda:
0.50013 -0.03402 -0.01886
-0.03402 2.31523 0.08552
-0.01886 0.08552 0.60598

cluster 6
pi:
0.06422
mu:
2.77002 -1.44523 4.19362 
Lambda:
0.56130 -0.10722 -0.08771
-0.10722 3.54035 0.68716
-0.08771 0.68716 0.86583

cluster 7
pi:
0.03938
mu:
-3.76597 1.40193 -2.25136 
Lambda:
0.55757 0.20984 -0.07948
0.20984 3.06019 -0.23175
-0.07948 -0.23175 0.65528


Latent Variable

cluster 0
alpha:
4.74500e+04
beta:
4.74500e+04
m:
3.38961 -1.45340 0.74045 
nu:
4.74520e+04
W:
1.16814e-05 3.27661e-06 -2.94388e-06
3.27661e-06 5.68893e-05 -2.00692e-05
-2.94388e-06 -2.00692e-05 2.77248e-05

cluster 1
alpha:
4.95754e+05
beta:
4.95754e+05
m:
5.05943 -0.05278 -4.96900 
nu:
4.95756e+05
W:
1.95008e-06 -1.34176e-07 3.80993e-08
-1.34176e-07 3.86208e-06 4.13260e-08
3.80993e-08 4.13260e-08 2.13448e-06

cluster 2
alpha:
2.45147e+05
beta:
2.45147e+05
m:
-2.52676 1.83384 -4.15247 
nu:
2.45149e+05
W:
1.80804e-06 2.75009e-07 -4.56243e-07
2.75009e-07 8.90846e-06 5.74257e-07
-4.56243e-07 5.74257e-07 2.50343e-06

cluster 3
alpha:
1.04156e+06
beta:
1.04156e+06
m:
-3.05167 2.14605 -2.89332 
nu:
1.04156e+06
W:
5.45714e-07 1.04807e-07 -5.83983e-08
1.04807e-07 2.29353e-06 -4.29814e-08
-5.83983e-08 -4.29814e-08 5.94935e-07

cluster 4
alpha:
9.86173e+05
beta:
9.86173e+05
m:
-5.01897 -0.00630 4.97297 
nu:
9.86175e+05
W:
1.00811e-06 3.25389e-08 -1.55045e-08
3.25389e-08 2.02738e-06 -1.19331e-08
-1.55045e-08 -1.19331e-08 9.56666e-07

cluster 5
alpha:
1.57742e+06
beta:
1.57742e+06
m:
2.98429 -2.12136 2.85708 
nu:
1.57742e+06
W:
3.16709e-07 -2.12000e-08 -1.21361e-08
-2.12000e-08 1.46758e-06 5.37152e-08
-1.21361e-08 5.37152e-08 3.83890e-07

cluster 6
alpha:
3.14395e+05
beta:
3.14395e+05
m:
2.77246 -1.44388 4.19310 
nu:
3.14397e+05
W:
1.78399e-06 -3.33988e-07 -2.78180e-07
-3.33988e-07 1.12621e-05 2.17556e-06
-2.78180e-07 2.17556e-06 2.75273e-06

cluster 7
alpha:
1.92115e+05
beta:
1.92115e+05
m:
-3.76730 1.40048 -2.24618 
nu:
1.92117e+05
W:
2.89584e-06 1.08415e-06 -4.16738e-07
1.08415e-06 1.58662e-05 -1.20347e-06
-4.16738e-07 -1.20347e-06 3.41445e-06

