# of cluster: 4

log likelihood -57407.66727

cluster 0
pi:
0.35988
mu:
2.90010 -2.01095 3.14334 
Lambda:
0.51572 -0.00834 -0.03731
-0.00834 2.12663 -0.07320
-0.03731 -0.07320 0.58572

cluster 1
pi:
0.13768
mu:
4.64815 -0.51041 -3.19654 
Lambda:
0.72405 0.00789 0.14529
0.00789 1.61779 0.38081
0.14529 0.38081 0.21544

cluster 2
pi:
0.20119
mu:
-5.01892 -0.00692 4.97499 
Lambda:
0.99281 0.03374 -0.01673
0.03374 2.00121 -0.01667
-0.01673 -0.01667 0.95225

cluster 3
pi:
0.30126
mu:
-3.06538 1.99810 -3.01656 
Lambda:
0.50482 0.04240 -0.01275
0.04240 2.05839 0.00805
-0.01275 0.00805 0.51390


Latent Variable

cluster 0
alpha:
1.79938e+06
beta:
1.79938e+06
m:
2.90010 -2.01095 3.14334 
nu:
1.79938e+06
W:
2.86609e-07 -4.63533e-09 -2.07362e-08
-4.63533e-09 1.18187e-06 -4.06812e-08
-2.07362e-08 -4.06812e-08 3.25509e-07

cluster 1
alpha:
6.88383e+05
beta:
6.88383e+05
m:
4.64815 -0.51041 -3.19654 
nu:
6.88385e+05
W:
1.05182e-06 1.14566e-08 2.11057e-07
1.14566e-08 2.35012e-06 5.53199e-07
2.11057e-07 5.53199e-07 3.12960e-07

cluster 2
alpha:
1.00594e+06
beta:
1.00594e+06
m:
-5.01892 -0.00692 4.97499 
nu:
1.00594e+06
W:
9.86944e-07 3.35359e-08 -1.66291e-08
3.35359e-08 1.98939e-06 -1.65692e-08
-1.66291e-08 -1.65692e-08 9.46630e-07

cluster 3
alpha:
1.50630e+06
beta:
1.50630e+06
m:
-3.06538 1.99810 -3.01656 
nu:
1.50630e+06
W:
3.35140e-07 2.81498e-08 -8.46619e-09
2.81498e-08 1.36651e-06 5.34202e-09
-8.46619e-09 5.34202e-09 3.41163e-07

