# of cluster: 4

log likelihood -60007.57339

cluster 0
pi:
0.29582
mu:
2.98301 -1.94464 3.22074 
Lambda:
0.53470 -0.02877 -0.02043
-0.02877 2.14884 0.02590
-0.02043 0.02590 0.53577

cluster 1
pi:
0.10117
mu:
5.06235 -0.05280 -4.96969 
Lambda:
0.99447 -0.07927 0.01729
-0.07927 1.92252 0.01839
0.01729 0.01839 1.06168

cluster 2
pi:
0.09969
mu:
2.90375 -2.14918 2.43356 
Lambda:
0.44906 0.02285 0.05053
0.02285 1.91628 0.02173
0.05053 0.02173 0.55604

cluster 3
pi:
0.50332
mu:
-3.84179 1.19494 0.18019 
Lambda:
0.58657 -0.06229 0.11475
-0.06229 1.72396 0.37830
0.11475 0.37830 0.17037

