# of cluster: 4

log likelihood -57543.96479

cluster 0
pi:
0.20111
mu:
-5.02525 -0.00562 4.97512 
Lambda:
1.00190 0.02965 -0.01885
0.02965 2.00117 -0.01443
-0.01885 -0.01443 0.95067

cluster 1
pi:
0.16834
mu:
4.51539 -0.78779 -2.03129 
Lambda:
0.84880 -0.12069 0.11505
-0.12069 1.74506 0.37777
0.11505 0.37777 0.17342

cluster 2
pi:
0.30162
mu:
-3.05591 1.99775 -3.01856 
Lambda:
0.50163 0.04686 -0.01258
0.04686 2.05589 0.00333
-0.01258 0.00333 0.51418

cluster 3
pi:
0.32893
mu:
2.80611 -2.01837 3.15913 
Lambda:
0.51171 0.02894 -0.05347
0.02894 2.14545 -0.12255
-0.05347 -0.12255 0.62111


Latent Variable

cluster 0
alpha:
2.91548e+05
beta:
2.91548e+05
m:
-5.02084 -0.00582 4.97482 
nu:
2.91550e+05
W:
3.42747e-06 9.52895e-08 -5.75371e-08
9.52895e-08 6.87254e-06 -4.92765e-08
-5.75371e-08 -4.92765e-08 3.26027e-06

cluster 1
alpha:
2.44160e+05
beta:
2.44160e+05
m:
4.51831 -0.78477 -2.03899 
nu:
2.44162e+05
W:
3.47069e-06 -4.77103e-07 4.76142e-07
-4.77103e-07 7.16917e-06 1.55292e-06
4.76142e-07 1.55292e-06 7.12431e-07

cluster 2
alpha:
4.37745e+05
beta:
4.37745e+05
m:
-3.05870 1.99729 -3.01773 
nu:
4.37747e+05
W:
1.14160e-06 1.04084e-07 -2.80212e-08
1.04084e-07 4.70550e-06 1.56968e-08
-2.80212e-08 1.56968e-08 1.17345e-06

cluster 3
alpha:
4.76551e+05
beta:
4.76551e+05
m:
2.80689 -2.01749 3.15636 
nu:
4.76553e+05
W:
1.07175e-06 6.33835e-08 -1.13842e-07
6.33835e-08 4.49400e-06 -2.59317e-07
-1.13842e-07 -2.59317e-07 1.30695e-06

