0.00000,0.00000,0.06169,0.93768,0.00000,0.00000,0.00000,0.00063
0.00000,0.00000,0.85666,0.14310,0.00000,0.00000,0.00000,0.00024
0.00000,0.00000,0.00000,0.00000,0.00000,0.26598,0.73402,0.00000
0.00000,0.00000,0.04235,0.78745,0.00000,0.00000,0.00000,0.17020
0.00001,0.00000,0.00000,0.00000,0.00000,0.59739,0.40260,0.00000
0.00000,0.00000,0.00000,0.00000,0.00000,0.53229,0.46770,0.00000
0.00000,0.00000,0.23424,0.74146,0.00000,0.00000,0.00000,0.02430
0.00000,0.00000,0.00000,0.00000,0.00000,0.90634,0.09366,0.00000
0.00000,0.99999,0.00001,0.00000,0.00000,0.00000,0.00000,0.00000
0.00000,0.00000,0.00000,0.00000,0.00000,0.30159,0.69841,0.00000
0.00011,0.00000,0.00000,0.00000,0.00000,0.92263,0.07726,0.00000
0.00000,0.00000,0.27434,0.51277,0.00000,0.00000,0.00000,0.21289
0.00015,0.00000,0.00000,0.00000,0.00000,0.97252,0.02733,0.00000
0.00000,0.00000,0.00000,0.00000,1.00000,0.00000,0.00000,0.00000
0.00000,0.00000,0.00000,0.00000,0.00000,0.99847,0.00153,0.00000
0.00000,0.00000,0.00000,0.00000,0.00000,0.99998,0.00002,0.00000
0.00000,0.00000,0.09716,0.78085,0.00000,0.00000,0.00000,0.12198
0.01040,0.00000,0.00000,0.00000,0.00000,0.53420,0.45540,0.00000
0.00000,0.00000,0.30002,0.69627,0.00000,0.00000,0.00000,0.00371
0.00000,1.00000,0.00000,0.00000,0.00000,0.00000,0.00000,0.00000
0.03368,0.00000,0.00000,0.00000,0.00000,0.96631,0.00001,0.00000
0.00018,0.00000,0.00000,0.00000,0.00000,0.93102,0.06881,0.00000
0.00001,0.00000,0.00000,0.00000,0.00000,0.44140,0.55859,0.00000
0.00000,0.00000,0.00000,0.00000,1.00000,0.00000,0.00000,0.00000
0.00000,0.00000,0.06889,0.92762,0.00000,0.00000,0.00000,0.00349
0.00000,1.00000,0.00000,0.00000,0.00000,0.00000,0.00000,0.00000
0.00231,0.00000,0.00000,0.00000,0.00000,0.98450,0.01320,0.00000
0.00000,0.00000,0.00000,0.00000,1.00000,0.00000,0.00000,0.00000
0.00000,0.00000,0.00000,0.00000,1.00000,0.00000,0.00000,0.00000
0.00000,0.00000,0.00000,0.00000,0.99998,0.00000,0.00000,0.00002
0.00000,0.00000,0.38402,0.61179,0.00000,0.00000,0.00000,0.00419
0.00000,0.00000,0.50789,0.49163,0.00000,0.00000,0.00000,0.00048
0.00000,0.00000,0.00000,0.00000,0.00000,0.99698,0.00302,0.00000
0.00000,1.00000,0.00000,0.00000,0.00000,0.00000,0.00000,0.00000
0.00000,0.00000,0.01593,0.65974,0.00000,0.00000,0.00000,0.32433
0.00061,0.00000,0.00000,0.00000,0.00000,0.99148,0.00791,0.00000
0.00000,0.00000,0.14500,0.82863,0.00000,0.00000,0.00000,0.02636
0.00000,0.00000,0.00000,0.00000,1.00000,0.00000,0.00000,0.00000
0.00000,0.00000,0.41544,0.54730,0.00000,0.00000,0.00000,0.03726
0.00000,1.00000,0.00000,0.00000,0.00000,0.00000,0.00000,0.00000
0.01084,0.00000,0.00000,0.00000,0.00000,0.98130,0.00786,0.00000
0.00040,0.00000,0.00000,0.00000,0.00000,0.26174,0.73786,0.00000
0.00187,0.00000,0.00000,0.00000,0.00000,0.97021,0.02792,0.00000
0.00000,0.00000,0.02197,0.97718,0.00000,0.00000,0.00000,0.00085
0.00000,0.00000,0.29335,0.63782,0.00000,0.00000,0.00000,0.06882
0.00000,0.00000,0.00000,0.00000,1.00000,0.00000,0.00000,0.00000
0.00000,0.00000,0.42951,0.54470,0.00000,0.00000,0.00000,0.02579
0.00000,0.00000,0.00000,0.00000,1.00000,0.00000,0.00000,0.00000
0.00000,0.00000,0.00000,0.00000,0.00000,0.99922,0.00078,0.00000
0.00000,0.00000,0.01573,0.72933,0.00000,0.00000,0.00000,0.25494
0.00000,0.00000,0.00000,0.00000,1.00000,0.00000,0.00000,0.00000
0.00000,1.00000,0.00000,0.00000,0.00000,0.00000,0.00000,0.00000
0.00033,0.00000,0.00000,0.00000,0.00000,0.88127,0.11841,0.00000
0.00086,0.00000,0.00000,0.00000,0.00000,0.56861,0.43053,0.00000
0.03461,0.00000,0.00000,0.00000,0.00000,0.95851,0.00688,0.00000
0.00000,0.00000,0.00000,0.00000,0.00000,0.99543,0.00457,0.00000
0.00000,0.00000,0.00000,0.00000,0.00000,0.97614,0.02386,0.00000
0.00001,0.00000,0.00000,0.00000,0.00000,0.99321,0.00677,0.00000
0.00002,0.00000,0.00000,0.00000,0.00000,0.72735,0.27263,0.00000
0.00000,0.00000,0.00000,0.00000,1.00000,0.00000,0.00000,0.00000
0.00000,1.00000,0.00000,0.00000,0.00000,0.00000,0.00000,0.00000
0.00000,0.00000,0.25804,0.62734,0.00000,0.00000,0.00000,0.11462
0.00000,1.00000,0.00000,0.00000,0.00000,0.00000,0.00000,0.00000
0.00017,0.00000,0.00000,0.00000,0.00000,0.99872,0.00111,0.00000
0.00000,0.00000,0.00560,0.47057,0.00000,0.00000,0.00000,0.52382
0.00000,1.00000,0.00000,0.00000,0.00000,0.00000,0.00000,0.00000
0.00000,1.00000,0.00000,0.00000,0.00000,0.00000,0.00000,0.00000
0.00000,1.00000,0.00000,0.00000,0.00000,0.00000,0.00000,0.00000
0.00000,0.00000,0.00000,0.00000,0.00000,0.82241,0.17759,0.00000
0.00000,0.00000,0.04240,0.78192,0.00000,0.00000,0.00000,0.17568
0.00000,0.00000,0.31682,0.61370,0.00000,0.00000,0.00000,0.06948
0.00000,0.00000,0.01486,0.34344,0.00000,0.00000,0.00000,0.64170
0.00000,0.00000,0.05044,0.85961,0.00000,0.00000,0.00000,0.08996
0.00000,0.00000,0.00000,0.00000,0.00000,0.92662,0.07338,0.00000
0.00000,0.00000,0.26113,0.61565,0.00000,0.00000,0.00000,0.12322
0.00000,0.99922,0.00077,0.00001,0.00000,0.00000,0.00000,0.00000
0.00000,0.00000,0.00000,0.00000,1.00000,0.00000,0.00000,0.00000
0.00000,0.00000,0.00000,0.00000,1.00000,0.00000,0.00000,0.00000
0.00000,0.00000,0.20351,0.77467,0.00000,0.00000,0.00000,0.02181
0.00941,0.00000,0.00000,0.00000,0.00000,0.43087,0.55972,0.00000
0.00000,0.00000,0.00000,0.00000,1.00000,0.00000,0.00000,0.00000
0.00000,0.00000,0.26468,0.22583,0.00000,0.00000,0.00000,0.50950
0.00197,0.00000,0.00000,0.00000,0.00000,0.99532,0.00271,0.00000
0.00000,1.00000,0.00000,0.00000,0.00000,0.00000,0.00000,0.00000
0.00256,0.00000,0.00000,0.00000,0.00000,0.99647,0.00097,0.00000
0.06443,0.00000,0.00000,0.00000,0.00000,0.41782,0.51776,0.00000
0.00000,1.00000,0.00000,0.00000,0.00000,0.00000,0.00000,0.00000
0.00000,0.00000,0.00000,0.00000,1.00000,0.00000,0.00000,0.00000
0.00000,0.00000,0.00000,0.00000,1.00000,0.00000,0.00000,0.00000
0.00000,0.00000,0.05034,0.94766,0.00000,0.00000,0.00000,0.00200
0.00050,0.00000,0.00000,0.00000,0.00000,0.89715,0.10235,0.00000
0.00000,0.00000,0.01814,0.35296,0.00000,0.00000,0.00000,0.62891
0.00000,0.00000,0.22070,0.72889,0.00000,0.00000,0.00000,0.05041
0.00000,0.00000,0.00000,0.00000,1.00000,0.00000,0.00000,0.00000
0.05697,0.00000,0.00000,0.00000,0.00000,0.94225,0.00078,0.00000
0.00000,0.00000,0.00000,0.00000,1.00000,0.00000,0.00000,0.00000
0.00389,0.00000,0.00000,0.00000,0.00000,0.99231,0.00380,0.00000
0.00125,0.00000,0.00000,0.00000,0.00000,0.41991,0.57884,0.00000
0.00000,0.00000,0.09523,0.59592,0.00000,0.00000,0.00000,0.30885
0.00008,0.00000,0.00000,0.00000,0.00000,0.68527,0.31465,0.00000
0.00000,0.00000,0.73880,0.21060,0.00000,0.00000,0.00000,0.05060
0.00000,0.00000,0.00000,0.00000,1.00000,0.00000,0.00000,0.00000
0.00000,0.00000,0.54716,0.37310,0.00000,0.00000,0.00000,0.07974
0.00000,0.00000,0.00000,0.00000,1.00000,0.00000,0.00000,0.00000
0.00000,0.00000,0.00000,0.00000,1.00000,0.00000,0.00000,0.00000
0.00000,0.00000,0.05278,0.84239,0.00000,0.00000,0.00000,0.10483
0.00000,0.00000,0.00000,0.00000,1.00000,0.00000,0.00000,0.00000
0.00000,0.00000,0.00000,0.00000,0.00000,0.99660,0.00340,0.00000
0.00000,0.00000,0.34699,0.64634,0.00000,0.00000,0.00000,0.00666
0.00000,0.00000,0.00000,0.00000,0.00000,0.50043,0.49957,0.00000
0.00000,1.00000,0.00000,0.00000,0.00000,0.00000,0.00000,0.00000
0.00000,0.00000,0.00000,0.00000,0.00000,0.92970,0.07030,0.00000
0.00000,0.00000,0.00000,0.00000,1.00000,0.00000,0.00000,0.00000
0.00000,0.00000,0.09340,0.61138,0.00000,0.00000,0.00000,0.29522
0.00000,0.00000,0.01783,0.57661,0.00000,0.00000,0.00000,0.40556
0.00000,0.00000,0.04934,0.67366,0.00000,0.00000,0.00000,0.27700
0.00000,0.00000,0.00000,0.00000,1.00000,0.00000,0.00000,0.00000
0.00000,0.00000,0.26212,0.71644,0.00000,0.00000,0.00000,0.02144
0.00000,1.00000,0.00000,0.00000,0.00000,0.00000,0.00000,0.00000
0.00033,0.00000,0.00000,0.00000,0.00000,0.99967,0.00000,0.00000
0.00000,0.00000,0.00000,0.00000,0.00000,0.99433,0.00566,0.00000
0.00000,0.00000,0.00000,0.00000,1.00000,0.00000,0.00000,0.00000
0.00004,0.00000,0.00000,0.00000,0.00000,0.99921,0.00075,0.00000
0.00000,0.00000,0.00000,0.00000,1.00000,0.00000,0.00000,0.00000
0.00000,0.00000,0.20854,0.76543,0.00000,0.00000,0.00000,0.02603
0.00478,0.00000,0.00000,0.00000,0.00000,0.59608,0.39914,0.00000
0.00000,0.00000,0.00000,0.00000,1.00000,0.00000,0.00000,0.00000
0.00000,0.00000,0.00000,0.00000,1.00000,0.00000,0.00000,0.00000
0.00000,0.00000,0.01061,0.22339,0.00135,0.00000,0.00000,0.76465
0.00000,1.00000,0.00000,0.00000,0.00000,0.00000,0.00000,0.00000
0.00002,0.00000,0.00000,0.00000,0.00000,0.95729,0.04269,0.00000
0.00000,0.00000,0.01402,0.97851,0.00000,0.00000,0.00000,0.00747
0.00000,1.00000,0.00000,0.00000,0.00000,0.00000,0.00000,0.00000
0.00000,0.00000,0.44273,0.55715,0.00000,0.00000,0.00000,0.00012
0.00000,1.00000,0.00000,0.00000,0.00000,0.00000,0.00000,0.00000
0.00000,0.00000,0.00000,0.00000,1.00000,0.00000,0.00000,0.00000
0.00000,0.00000,0.22737,0.75088,0.00000,0.00000,0.00000,0.02175
0.00934,0.00000,0.00000,0.00000,0.00000,0.98676,0.00390,0.00000
0.00000,0.00000,0.00000,0.00000,0.00000,0.99149,0.00851,0.00000
0.00000,1.00000,0.00000,0.00000,0.00000,0.00000,0.00000,0.00000
0.00000,0.00000,0.32481,0.66781,0.00000,0.00000,0.00000,0.00739
0.00000,0.00000,0.00000,0.00000,1.00000,0.00000,0.00000,0.00000
0.00000,0.00000,0.00000,0.00000,1.00000,0.00000,0.00000,0.00000
0.00000,0.00000,0.07859,0.21974,0.00000,0.00000,0.00000,0.70167
0.00001,0.00000,0.00000,0.00000,0.00000,0.54065,0.45934,0.00000
0.00000,0.00000,0.00000,0.00000,1.00000,0.00000,0.00000,0.00000
0.00000,1.00000,0.00000,0.00000,0.00000,0.00000,0.00000,0.00000
0.00000,0.00000,0.00000,0.00000,0.00000,0.96980,0.03020,0.00000
0.01494,0.00000,0.00000,0.00000,0.00000,0.98444,0.00062,0.00000
0.00000,0.00000,0.00000,0.00000,1.00000,0.00000,0.00000,0.00000
0.00000,0.00000,0.14344,0.82105,0.00000,0.00000,0.00000,0.03551
0.00001,0.00000,0.00000,0.00000,0.00000,0.65811,0.34188,0.00000
0.00000,0.00000,0.00000,0.00000,0.00000,0.97655,0.02345,0.00000
0.00059,0.00000,0.00000,0.00000,0.00000,0.72909,0.27031,0.00000
0.00000,0.00000,0.00000,0.00000,0.00000,0.91754,0.08246,0.00000
0.00213,0.00000,0.00000,0.00000,0.00000,0.97829,0.01958,0.00000
0.00000,0.00000,0.00000,0.00000,1.00000,0.00000,0.00000,0.00000
0.00000,0.00000,0.53257,0.46565,0.00000,0.00000,0.00000,0.00177
0.00000,0.00000,0.02415,0.90153,0.00000,0.00000,0.00000,0.07432
0.00003,0.00000,0.00000,0.00000,0.00000,0.79136,0.20861,0.00000
0.03033,0.00000,0.00000,0.00000,0.00000,0.84471,0.12496,0.00000
0.00000,0.00000,0.00000,0.00000,0.00000,0.98640,0.01360,0.00000
0.00000,1.00000,0.00000,0.00000,0.00000,0.00000,0.00000,0.00000
0.00000,0.00000,0.00000,0.00000,1.00000,0.00000,0.00000,0.00000
0.00000,0.00000,0.00000,0.00000,1.00000,0.00000,0.00000,0.00000
0.00000,0.00000,0.00000,0.00000,1.00000,0.00000,0.00000,0.00000
0.00105,0.00000,0.00000,0.00000,0.00000,0.99816,0.00079,0.00000
0.00000,0.00000,0.00254,0.98475,0.00000,0.00000,0.00000,0.01271
0.01771,0.00000,0.00000,0.00000,0.00000,0.96843,0.01386,0.00000
0.00245,0.00000,0.00000,0.00000,0.00000,0.90504,0.09251,0.00000
0.00000,0.00000,0.04655,0.93218,0.00000,0.00000,0.00000,0.02127
0.17309,0.00000,0.00000,0.00000,0.00000,0.82553,0.00138,0.00000
0.00000,0.00000,0.00000,0.00000,1.00000,0.00000,0.00000,0.00000
0.00000,0.00000,0.16013,0.73145,0.00000,0.00000,0.00000,0.10842
0.00044,0.00000,0.00000,0.00000,0.00000,0.76343,0.23613,0.00000
0.01090,0.00000,0.00000,0.00000,0.00000,0.98690,0.00220,0.00000
0.00000,0.00000,0.20413,0.75621,0.00000,0.00000,0.00000,0.03966
0.00000,0.00000,0.27189,0.72784,0.00000,0.00000,0.00000,0.00027
0.01456,0.00000,0.00000,0.00000,0.00000,0.98222,0.00322,0.00000
0.00000,0.00000,0.00000,0.00000,0.00000,0.71165,0.28834,0.00000
0.00000,0.99909,0.00089,0.00002,0.00000,0.00000,0.00000,0.00000
0.00000,0.00000,0.04294,0.92061,0.00000,0.00000,0.00000,0.03645
0.00000,0.00000,0.01872,0.91161,0.00000,0.00000,0.00000,0.06967
0.00000,0.00000,0.00000,0.00000,0.00000,0.99976,0.00024,0.00000
0.00000,0.00000,0.00000,0.00000,1.00000,0.00000,0.00000,0.00000
0.00000,0.00000,0.04667,0.87094,0.00000,0.00000,0.00000,0.08239
0.00538,0.00000,0.00000,0.00000,0.00000,0.78250,0.21211,0.00000
0.00000,0.00000,0.00000,0.00000,1.00000,0.00000,0.00000,0.00000
0.00000,0.00000,0.00000,0.00000,0.00000,0.62433,0.37567,0.00000
0.00000,0.00000,0.33792,0.32253,0.00000,0.00000,0.00000,0.33956
0.00000,0.00000,0.00000,0.00000,1.00000,0.00000,0.00000,0.00000
0.00001,0.00000,0.00000,0.00000,0.00000,0.54676,0.45323,0.00000
0.00000,0.00000,0.00000,0.00000,1.00000,0.00000,0.00000,0.00000
0.00000,1.00000,0.00000,0.00000,0.00000,0.00000,0.00000,0.00000
0.00088,0.00000,0.00000,0.00000,0.00000,0.92895,0.07017,0.00000
0.00000,0.00000,0.00000,0.00000,0.00000,0.98641,0.01359,0.00000
0.00000,0.00000,0.08634,0.83306,0.00000,0.00000,0.00000,0.08059
0.06470,0.00000,0.00000,0.00000,0.00000,0.93530,0.00000,0.00000
0.00000,0.00000,0.06988,0.83631,0.00000,0.00000,0.00000,0.09381
0.00000,0.00000,0.00000,0.00000,0.00000,0.27756,0.72244,0.00000
0.00000,0.00000,0.00000,0.00000,1.00000,0.00000,0.00000,0.00000
0.00000,0.00000,0.00000,0.00000,1.00000,0.00000,0.00000,0.00000
0.00001,0.00000,0.00000,0.00000,0.00000,0.88938,0.11061,0.00000
0.00000,0.00000,0.08682,0.88795,0.00000,0.00000,0.00000,0.02523
0.02133,0.00000,0.00000,0.00000,0.00000,0.97754,0.00113,0.00000
0.00003,0.00000,0.00000,0.00000,0.00000,0.82965,0.17032,0.00000
0.00000,0.00000,0.00000,0.00000,1.00000,0.00000,0.00000,0.00000
0.00000,0.00000,0.05179,0.27087,0.00000,0.00000,0.00000,0.67734
0.00011,0.00000,0.00000,0.00000,0.00000,0.95973,0.04016,0.00000
0.00000,0.00000,0.00000,0.00000,0.00000,0.99872,0.00128,0.00000
0.00000,0.00000,0.52732,0.46257,0.00000,0.00000,0.00000,0.01011
0.00000,0.00000,0.06867,0.79701,0.00000,0.00000,0.00000,0.13431
0.00002,0.00000,0.00000,0.00000,0.00000,0.44309,0.55689,0.00000
0.00000,0.00000,0.00000,0.00000,1.00000,0.00000,0.00000,0.00000
0.00000,0.00000,0.00000,0.00000,0.00000,0.26914,0.73086,0.00000
0.00000,0.00000,0.00000,0.00000,1.00000,0.00000,0.00000,0.00000
0.00000,0.00000,0.00000,0.00000,1.00000,0.00000,0.00000,0.00000
0.00000,0.00000,0.00000,0.00000,1.00000,0.00000,0.00000,0.00000
0.00000,0.00000,0.29901,0.66674,0.00000,0.00000,0.00000,0.03424
0.00000,0.00000,0.02111,0.93862,0.00000,0.00000,0.00000,0.04027
0.00010,0.00000,0.00000,0.00000,0.00000,0.90836,0.09154,0.00000
0.00023,0.00000,0.00000,0.00000,0.00000,0.92921,0.07057,0.00000
0.00000,0.00000,0.00000,0.00000,0.00000,0.84724,0.15276,0.00000
0.00000,1.00000,0.00000,0.00000,0.00000,0.00000,0.00000,0.00000
0.07690,0.00000,0.00000,0.00000,0.00000,0.90572,0.01738,0.00000
0.00113,0.00000,0.00000,0.00000,0.00000,0.97773,0.02114,0.00000
0.00000,0.99996,0.00000,0.00000,0.00000,0.00004,0.00000,0.00000
0.00000,0.00000,0.00000,0.00000,1.00000,0.00000,0.00000,0.00000
0.00000,0.00000,0.00000,0.00000,1.00000,0.00000,0.00000,0.00000
0.00000,0.00000,0.05766,0.49082,0.00000,0.00000,0.00000,0.45152
0.00869,0.00000,0.00000,0.00000,0.00000,0.99062,0.00069,0.00000
0.00000,0.00000,0.07003,0.40112,0.00000,0.00000,0.00000,0.52886
0.00000,0.00000,0.00000,0.00000,1.00000,0.00000,0.00000,0.00000
0.00000,1.00000,0.00000,0.00000,0.00000,0.00000,0.00000,0.00000
0.00006,0.00000,0.00000,0.00000,0.00000,0.90888,0.09107,0.00000
0.00000,0.00000,0.00000,0.00000,0.00000,0.67761,0.32239,0.00000
0.00000,0.00000,0.03285,0.84649,0.00000,0.00000,0.00000,0.12066
0.00486,0.00000,0.00000,0.00000,0.00000,0.86474,0.13040,0.00000
0.00000,0.00000,0.00000,0.00000,0.00000,0.86502,0.13497,0.00000
0.00000,0.00000,0.00000,0.00000,0.00000,0.89702,0.10298,0.00000
0.00000,0.00000,0.11863,0.87424,0.00000,0.00000,0.00000,0.00713
0.00000,0.00000,0.18499,0.65279,0.00000,0.00000,0.00000,0.16221
0.00000,0.00000,0.00000,0.00000,1.00000,0.00000,0.00000,0.00000
0.00000,0.00000,0.00000,0.00000,0.00000,0.30535,0.69465,0.00000
0.00000,0.00000,0.00000,0.00000,0.00000,0.99976,0.00023,0.00000
0.00000,0.00000,0.00000,0.00000,1.00000,0.00000,0.00000,0.00000
0.00000,0.00000,0.53269,0.42895,0.00000,0.00000,0.00000,0.03837
0.00000,1.00000,0.00000,0.00000,0.00000,0.00000,0.00000,0.00000
0.00000,0.00000,0.20620,0.76326,0.00000,0.00000,0.00000,0.03054
0.00000,0.00000,0.00000,0.00000,0.00000,0.27312,0.72688,0.00000
0.01110,0.00000,0.00000,0.00000,0.00000,0.30996,0.67895,0.00000
0.00000,0.00000,0.00000,0.00000,1.00000,0.00000,0.00000,0.00000
0.00000,0.00000,0.00000,0.00000,1.00000,0.00000,0.00000,0.00000
0.00000,0.00000,0.37110,0.61562,0.00000,0.00000,0.00000,0.01329
0.00003,0.00000,0.00000,0.00000,0.00000,0.94125,0.05872,0.00000
0.00000,0.00000,0.21058,0.77171,0.00000,0.00000,0.00000,0.01771
0.00000,0.00000,0.26583,0.71498,0.00000,0.00000,0.00000,0.01919
0.00000,0.00000,0.00298,0.39817,0.00003,0.00000,0.00000,0.59882
0.00000,0.00000,0.10275,0.85181,0.00000,0.00000,0.00000,0.04543
0.00407,0.00000,0.00000,0.00000,0.00000,0.99584,0.00009,0.00000
0.00000,0.00000,0.00000,0.00000,1.00000,0.00000,0.00000,0.00000
0.00000,0.00000,0.67011,0.32981,0.00000,0.00000,0.00000,0.00007
0.00000,0.00000,0.00000,0.00000,1.00000,0.00000,0.00000,0.00000
0.00006,0.00000,0.00000,0.00000,0.00000,0.94359,0.05635,0.00000
0.18498,0.00000,0.00000,0.00000,0.00000,0.45168,0.36334,0.00000
0.00000,1.00000,0.00000,0.00000,0.00000,0.00000,0.00000,0.00000
0.00000,0.00000,0.23562,0.76416,0.00000,0.00000,0.00000,0.00022
0.00000,0.00000,0.00000,0.00000,1.00000,0.00000,0.00000,0.00000
0.00000,0.00000,0.20035,0.73874,0.00000,0.00000,0.00000,0.06091
0.00198,0.00000,0.00000,0.00000,0.00000,0.99628,0.00174,0.00000
0.08471,0.00000,0.00000,0.00000,0.00000,0.91435,0.00095,0.00000
0.00000,0.00000,0.00000,0.00000,1.00000,0.00000,0.00000,0.00000
0.00000,0.00000,0.00000,0.00000,0.98907,0.00414,0.00679,0.00000
0.00000,0.00000,0.00000,0.00000,0.99986,0.00007,0.00007,0.00000
0.00000,0.00000,0.00000,0.00000,1.00000,0.00000,0.00000,0.00000
0.00001,0.00000,0.00000,0.00000,0.00000,0.76297,0.23702,0.00000
0.00000,0.00000,0.06679,0.93297,0.00000,0.00000,0.00000,0.00024
0.00136,0.00000,0.00000,0.00000,0.00000,0.92924,0.06940,0.00000
0.00000,0.00000,0.00000,0.00000,0.00000,0.99459,0.00541,0.00000
0.00000,1.00000,0.00000,0.00000,0.00000,0.00000,0.00000,0.00000
0.00000,0.00000,0.00000,0.00000,0.99999,0.00000,0.00000,0.00001
0.00001,0.00000,0.00000,0.00000,0.00000,0.34012,0.65988,0.00000
0.00000,0.00000,0.00000,0.00000,1.00000,0.00000,0.00000,0.00000
0.00000,0.00000,0.00000,0.00000,0.00000,0.95641,0.04359,0.00000
0.00001,0.00000,0.00000,0.00000,0.00000,0.99963,0.00036,0.00000
0.00000,0.00000,0.00000,0.00000,1.00000,0.00000,0.00000,0.00000
0.00000,0.00000,0.00000,0.00000,1.00000,0.00000,0.00000,0.00000
0.04654,0.00000,0.00000,0.00000,0.00000,0.95307,0.00039,0.00000
0.00000,0.00000,0.00000,0.00000,1.00000,0.00000,0.00000,0.00000
0.00001,0.00000,0.00000,0.00000,0.00000,0.99898,0.00101,0.00000
0.00000,0.00000,0.01479,0.36772,0.00000,0.00000,0.00000,0.61749
0.00000,0.00000,0.18785,0.59118,0.00000,0.00000,0.00000,0.22096
0.00007,0.00000,0.00000,0.00000,0.00000,0.99609,0.00384,0.00000
0.00000,0.00000,0.06053,0.92488,0.00000,0.00000,0.00000,0.01459
0.00047,0.00000,0.00000,0.00000,0.00000,0.99785,0.00168,0.00000
0.00000,0.00000,0.00000,0.00000,1.00000,0.00000,0.00000,0.00000
0.00000,0.00000,0.00000,0.00000,1.00000,0.00000,0.00000,0.00000
0.00000,0.00000,0.00000,0.00000,0.00000,0.48543,0.51457,0.00000
0.00000,0.00000,0.02184,0.93406,0.00000,0.00000,0.00000,0.04410
0.00000,0.00000,0.08007,0.47197,0.00000,0.00000,0.00000,0.44796
0.00000,0.00000,0.11699,0.88262,0.00000,0.00000,0.00000,0.00040
0.00331,0.00000,0.00000,0.00000,0.00000,0.86268,0.13400,0.00000
0.00000,0.00000,0.00000,0.00000,1.00000,0.00000,0.00000,0.00000
0.00000,0.00000,0.00000,0.00000,0.00000,0.27257,0.72743,0.00000
0.00000,0.00000,0.00000,0.00000,1.00000,0.00000,0.00000,0.00000
0.00000,0.00000,0.20519,0.76739,0.00000,0.00000,0.00000,0.02742
0.00000,1.00000,0.00000,0.00000,0.00000,0.00000,0.00000,0.00000
0.25187,0.00000,0.00000,0.00000,0.00000,0.68501,0.06312,0.00000
0.00000,0.00000,0.00000,0.00000,1.00000,0.00000,0.00000,0.00000
0.00000,0.00000,0.00000,0.00000,1.00000,0.00000,0.00000,0.00000
0.00000,0.00000,0.30369,0.68938,0.00000,0.00000,0.00000,0.00692
0.00000,0.00000,0.00000,0.00000,1.00000,0.00000,0.00000,0.00000
0.25673,0.00000,0.00000,0.00000,0.00000,0.74323,0.00004,0.00000
0.00000,0.00000,0.13439,0.84529,0.00000,0.00000,0.00000,0.02032
0.00012,0.00000,0.00000,0.00000,0.00000,0.95810,0.04178,0.00000
0.00000,0.00000,0.00000,0.00000,0.00000,0.91797,0.08203,0.00000
0.00000,0.00000,0.00000,0.00000,1.00000,0.00000,0.00000,0.00000
0.00000,0.00000,0.00000,0.00000,1.00000,0.00000,0.00000,0.00000
0.01483,0.00000,0.00000,0.00000,0.00000,0.84150,0.14367,0.00000
0.00000,0.00000,0.08715,0.65150,0.00000,0.00000,0.00000,0.26135
0.00000,0.00000,0.16427,0.68856,0.00000,0.00000,0.00000,0.14717
0.00036,0.00000,0.00000,0.00000,0.00000,0.99363,0.00601,0.00000
0.00000,0.00000,0.03350,0.87691,0.00000,0.00000,0.00000,0.08960
0.00000,0.00000,0.00033,0.63012,0.00002,0.00000,0.00000,0.36952
0.00000,0.00000,0.00000,0.00000,0.00000,0.96946,0.03054,0.00000
0.00000,0.00000,0.01742,0.96652,0.00000,0.00000,0.00000,0.01606
0.00000,0.00000,0.00000,0.00000,0.00000,0.99513,0.00487,0.00000
0.44807,0.00000,0.00000,0.00000,0.00000,0.55193,0.00000,0.00000
0.00000,0.00000,0.00000,0.00000,0.00000,0.26798,0.73202,0.00000
0.00000,0.00000,0.00000,0.00000,0.00000,0.48799,0.51201,0.00000
0.01406,0.00000,0.00000,0.00000,0.00000,0.43605,0.54989,0.00000
0.00000,0.00000,0.18372,0.73135,0.00000,0.00000,0.00000,0.08493
0.00000,0.00000,0.09004,0.80846,0.00000,0.00000,0.00000,0.10149
0.00000,1.00000,0.00000,0.00000,0.00000,0.00000,0.00000,0.00000
0.15567,0.00000,0.00000,0.00000,0.00000,0.83606,0.00827,0.00000
0.00000,0.00000,0.00000,0.00000,0.00000,0.99995,0.00005,0.00000
0.01012,0.00000,0.00000,0.00000,0.00000,0.85025,0.13964,0.00000
0.00001,0.00000,0.00000,0.00000,0.00000,0.82035,0.17965,0.00000
0.00000,1.00000,0.00000,0.00000,0.00000,0.00000,0.00000,0.00000
0.00000,0.00000,0.11960,0.68655,0.00000,0.00000,0.00000,0.19385
0.00393,0.00000,0.00000,0.00000,0.00000,0.74383,0.25224,0.00000
0.00000,0.00000,0.01682,0.83883,0.00000,0.00000,0.00000,0.14436
0.00000,1.00000,0.00000,0.00000,0.00000,0.00000,0.00000,0.00000
0.00010,0.00000,0.00000,0.00000,0.00000,0.79130,0.20860,0.00000
0.41864,0.00000,0.00000,0.00000,0.00000,0.50120,0.08016,0.00000
0.00006,0.00000,0.00000,0.00000,0.00000,0.99975,0.00020,0.00000
0.00000,0.00000,0.00688,0.42931,0.00000,0.00000,0.00000,0.56381
0.00000,0.00000,0.00000,0.00000,1.00000,0.00000,0.00000,0.00000
0.00021,0.00000,0.00000,0.00000,0.00000,0.66762,0.33217,0.00000
0.00000,1.00000,0.00000,0.00000,0.00000,0.00000,0.00000,0.00000
0.20826,0.00000,0.00000,0.00000,0.00000,0.78911,0.00263,0.00000
0.00000,0.00000,0.02632,0.38499,0.00000,0.00000,0.00000,0.58869
0.00000,0.00000,0.00000,0.00000,1.00000,0.00000,0.00000,0.00000
0.00000,0.00000,0.00000,0.00000,1.00000,0.00000,0.00000,0.00000
0.00333,0.00000,0.00000,0.00000,0.00000,0.73053,0.26614,0.00000
0.00000,0.00000,0.06585,0.60016,0.00000,0.00000,0.00000,0.33399
0.00000,0.00000,0.00000,0.00000,1.00000,0.00000,0.00000,0.00000
0.00000,0.00000,0.00000,0.00000,1.00000,0.00000,0.00000,0.00000
0.00000,0.00000,0.02203,0.96381,0.00000,0.00000,0.00000,0.01416
0.00000,0.00000,0.00359,0.98186,0.00000,0.00000,0.00000,0.01455
0.00000,0.00000,0.57683,0.41707,0.00000,0.00000,0.00000,0.00610
0.00000,0.00000,0.00000,0.00000,0.00000,0.59534,0.40466,0.00000
0.00000,1.00000,0.00000,0.00000,0.00000,0.00000,0.00000,0.00000
0.00000,0.00000,0.00000,0.00000,0.00000,0.98435,0.01565,0.00000
0.00000,0.00000,0.00000,0.00000,1.00000,0.00000,0.00000,0.00000
0.00180,0.00000,0.00000,0.00000,0.00000,0.42562,0.57257,0.00000
0.00000,0.00000,0.38314,0.61647,0.00000,0.00000,0.00000,0.00039
0.00000,1.00000,0.00000,0.00000,0.00000,0.00000,0.00000,0.00000
0.00000,0.00000,0.00000,0.00000,1.00000,0.00000,0.00000,0.00000
0.00000,0.00000,0.52260,0.44914,0.00000,0.00000,0.00000,0.02826
0.00001,0.00000,0.00000,0.00000,0.00000,0.98456,0.01543,0.00000
0.00000,0.00000,0.29933,0.62597,0.00000,0.00000,0.00000,0.07470
0.00000,0.00000,0.14599,0.84917,0.00000,0.00000,0.00000,0.00484
0.00000,0.00000,0.22296,0.65877,0.00000,0.00000,0.00000,0.11827
0.00000,0.00000,0.28110,0.40732,0.00000,0.00000,0.00000,0.31158
0.00000,0.00000,0.00000,0.00023,0.99754,0.00000,0.00000,0.00223
0.00000,1.00000,0.00000,0.00000,0.00000,0.00000,0.00000,0.00000
0.00000,0.00000,0.00000,0.00000,1.00000,0.00000,0.00000,0.00000
0.00000,0.00000,0.00000,0.00000,1.00000,0.00000,0.00000,0.00000
0.00000,0.00000,0.12787,0.85371,0.00000,0.00000,0.00000,0.01842
0.00000,0.00000,0.00000,0.00000,0.99998,0.00001,0.00001,0.00000
0.00418,0.00000,0.00000,0.00000,0.00000,0.99564,0.00018,0.00000
0.00000,0.00000,0.00000,0.00000,1.00000,0.00000,0.00000,0.00000
0.00000,0.00000,0.00000,0.00002,0.99988,0.00000,0.00000,0.00010
0.00000,0.00000,0.08976,0.90777,0.00000,0.00000,0.00000,0.00246
0.00000,0.00000,0.11920,0.61401,0.00000,0.00000,0.00000,0.26679
0.00000,0.00000,0.11783,0.39836,0.00000,0.00000,0.00000,0.48381
0.00551,0.00000,0.00000,0.00000,0.00000,0.99283,0.00166,0.00000
0.00000,0.00000,0.35794,0.58303,0.00000,0.00000,0.00000,0.05903
0.00000,0.00000,0.00992,0.95524,0.00000,0.00000,0.00000,0.03483
0.00823,0.00000,0.00000,0.00000,0.00000,0.97416,0.01761,0.00000
0.00000,0.00000,0.29060,0.64897,0.00000,0.00000,0.00000,0.06043
0.00009,0.00000,0.00000,0.00000,0.00000,0.95308,0.04683,0.00000
0.00000,0.00000,0.00000,0.00000,1.00000,0.00000,0.00000,0.00000
0.06348,0.00000,0.00000,0.00000,0.00000,0.91184,0.02467,0.00000
0.00075,0.00000,0.00000,0.00000,0.00000,0.98863,0.01062,0.00000
0.00000,0.00000,0.00000,0.00000,1.00000,0.00000,0.00000,0.00000
0.00000,0.00000,0.00000,0.00000,1.00000,0.00000,0.00000,0.00000
0.00000,0.00000,0.36681,0.63199,0.00000,0.00000,0.00000,0.00119
0.00000,0.00000,0.19008,0.80781,0.00000,0.00000,0.00000,0.00211
0.00007,0.00000,0.00000,0.00000,0.00000,0.94841,0.05151,0.00000
0.00000,1.00000,0.00000,0.00000,0.00000,0.00000,0.00000,0.00000
0.00112,0.00000,0.00000,0.00000,0.00000,0.95274,0.04614,0.00000
0.01064,0.00000,0.00000,0.00000,0.00000,0.76534,0.22402,0.00000
0.00000,0.00000,0.00000,0.00000,1.00000,0.00000,0.00000,0.00000
0.00000,0.00000,0.01100,0.22917,0.00002,0.00000,0.00000,0.75980
0.00000,0.00000,0.42045,0.56918,0.00000,0.00000,0.00000,0.01037
0.01375,0.00000,0.00000,0.00000,0.00000,0.95961,0.02664,0.00000
0.00000,0.00000,0.02094,0.71485,0.00000,0.00000,0.00000,0.26421
0.00000,0.00000,0.00000,0.00000,1.00000,0.00000,0.00000,0.00000
0.00000,0.00000,0.06406,0.93270,0.00000,0.00000,0.00000,0.00325
0.00000,0.00000,0.45270,0.53456,0.00000,0.00000,0.00000,0.01273
0.00000,0.00000,0.00000,0.00000,0.00000,0.96896,0.03103,0.00000
0.00000,0.00000,0.31910,0.67336,0.00000,0.00000,0.00000,0.00754
0.00000,1.00000,0.00000,0.00000,0.00000,0.00000,0.00000,0.00000
0.00000,0.00000,0.00000,0.00000,0.00000,0.37170,0.62830,0.00000
0.00000,1.00000,0.00000,0.00000,0.00000,0.00000,0.00000,0.00000
0.00001,0.00000,0.00000,0.00000,0.00000,0.94900,0.05099,0.00000
0.00000,0.00000,0.23339,0.76521,0.00000,0.00000,0.00000,0.00140
0.00358,0.00000,0.00000,0.00000,0.00000,0.99027,0.00616,0.00000
0.00000,0.00000,0.06462,0.92025,0.00000,0.00000,0.00000,0.01514
0.00000,0.00000,0.02568,0.82224,0.00000,0.00000,0.00000,0.15208
0.00000,0.00000,0.02445,0.44570,0.00000,0.00000,0.00000,0.52985
0.00000,0.00000,0.00000,0.00000,1.00000,0.00000,0.00000,0.00000
0.00000,0.00000,0.00000,0.00000,0.00000,0.67600,0.32400,0.00000
0.00000,0.00000,0.01553,0.92074,0.00000,0.00000,0.00000,0.06372
0.00000,0.00000,0.04627,0.92953,0.00000,0.00000,0.00000,0.02420
0.00233,0.00000,0.00000,0.00000,0.00000,0.89689,0.10079,0.00000
0.00000,0.00000,0.00000,0.00000,1.00000,0.00000,0.00000,0.00000
0.06719,0.00000,0.00000,0.00000,0.00000,0.78154,0.15127,0.00000
0.00000,0.00000,0.00457,0.93189,0.00000,0.00000,0.00000,0.06353
0.00000,0.00000,0.04169,0.48716,0.00000,0.00000,0.00000,0.47115
0.00000,0.99998,0.00002,0.00000,0.00000,0.00000,0.00000,0.00000
0.00000,0.99959,0.00041,0.00001,0.00000,0.00000,0.00000,0.00000
0.00003,0.00000,0.00000,0.00000,0.00000,0.98808,0.01188,0.00000
0.00157,0.00000,0.00000,0.00000,0.00000,0.94539,0.05304,0.00000
0.01145,0.00000,0.00000,0.00000,0.00000,0.97848,0.01007,0.00000
0.00000,0.00000,0.06388,0.87465,0.00000,0.00000,0.00000,0.06147
0.00000,0.00000,0.01643,0.96303,0.00000,0.00000,0.00000,0.02054
0.00000,0.00000,0.00000,0.00000,1.00000,0.00000,0.00000,0.00000
0.00000,0.00000,0.28160,0.69627,0.00000,0.00000,0.00000,0.02214
0.00090,0.00000,0.00000,0.00000,0.00000,0.77931,0.21979,0.00000
0.00000,0.00000,0.00000,0.00000,1.00000,0.00000,0.00000,0.00000
0.00000,0.00000,0.28050,0.61053,0.00000,0.00000,0.00000,0.10897
0.00000,0.00000,0.00000,0.00000,1.00000,0.00000,0.00000,0.00000
0.00141,0.00000,0.00000,0.00000,0.00000,0.95630,0.04229,0.00000
0.00000,0.00000,0.00000,0.00000,0.99996,0.00000,0.00000,0.00003
0.00001,0.00000,0.00000,0.00000,0.00000,0.92665,0.07334,0.00000
0.00000,0.00000,0.31852,0.53409,0.00000,0.00000,0.00000,0.14739
0.00000,1.00000,0.00000,0.00000,0.00000,0.00000,0.00000,0.00000
0.00000,1.00000,0.00000,0.00000,0.00000,0.00000,0.00000,0.00000
0.00000,0.00000,0.00000,0.00000,0.00000,0.43433,0.56567,0.00000
0.00000,0.00000,0.32111,0.61427,0.00000,0.00000,0.00000,0.06462
0.00000,0.00000,0.08831,0.58476,0.00000,0.00000,0.00000,0.32692
0.03901,0.00000,0.00000,0.00000,0.00000,0.96021,0.00078,0.00000
0.00000,0.00000,0.10499,0.73619,0.00000,0.00000,0.00000,0.15882
0.00000,0.00000,0.24871,0.35441,0.00000,0.00000,0.00000,0.39688
0.00000,0.00000,0.50739,0.49228,0.00000,0.00000,0.00000,0.00033
0.00000,0.00000,0.00000,0.00000,0.99998,0.00001,0.00001,0.00000
0.00000,0.00000,0.00000,0.00000,0.00000,0.87102,0.12898,0.00000
0.00000,0.00000,0.00000,0.00000,0.00000,0.98001,0.01999,0.00000
0.00000,0.00000,0.03946,0.93251,0.00000,0.00000,0.00000,0.02803
0.00000,0.00000,0.00000,0.00000,1.00000,0.00000,0.00000,0.00000
0.00001,0.00000,0.00000,0.00000,0.00000,0.99776,0.00224,0.00000
0.00000,1.00000,0.00000,0.00000,0.00000,0.00000,0.00000,0.00000
0.00000,0.00000,0.00000,0.00000,0.00000,0.51335,0.48664,0.00000
0.00000,0.00000,0.00000,0.00000,0.00000,0.94660,0.05340,0.00000
0.00000,0.00000,0.00000,0.00000,1.00000,0.00000,0.00000,0.00000
0.00000,0.00000,0.00000,0.00000,0.00000,0.20901,0.79099,0.00000
0.00000,1.00000,0.00000,0.00000,0.00000,0.00000,0.00000,0.00000
0.00000,0.00000,0.06918,0.90400,0.00000,0.00000,0.00000,0.02681
0.00000,0.00000,0.00000,0.00000,1.00000,0.00000,0.00000,0.00000
0.00000,0.00000,0.00000,0.00000,1.00000,0.00000,0.00000,0.00000
0.00000,0.00000,0.00000,0.00000,1.00000,0.00000,0.00000,0.00000
0.00000,0.00000,0.14683,0.46892,0.00000,0.00000,0.00000,0.38425
0.00000,0.00000,0.00000,0.00000,1.00000,0.00000,0.00000,0.00000
0.00000,1.00000,0.00000,0.00000,0.00000,0.00000,0.00000,0.00000
0.38034,0.00000,0.00000,0.00000,0.00000,0.61952,0.00014,0.00000
0.00000,0.00000,0.00000,0.00000,1.00000,0.00000,0.00000,0.00000
0.00000,0.00000,0.00601,0.99345,0.00000,0.00000,0.00000,0.00053
0.00000,0.00000,0.00000,0.00000,0.00000,0.96883,0.03117,0.00000
0.00000,0.00000,0.00000,0.00000,0.00000,0.87326,0.12674,0.00000
0.00000,0.00000,0.00000,0.00000,1.00000,0.00000,0.00000,0.00000
0.00000,0.00000,0.00000,0.00000,1.00000,0.00000,0.00000,0.00000
0.00003,0.00000,0.00000,0.00000,0.00000,0.59846,0.40151,0.00000
0.00000,1.00000,0.00000,0.00000,0.00000,0.00000,0.00000,0.00000
0.00004,0.00000,0.00000,0.00000,0.00000,0.69234,0.30762,0.00000
0.00000,0.00000,0.00000,0.00000,1.00000,0.00000,0.00000,0.00000
0.00015,0.00000,0.00000,0.00000,0.00000,0.98891,0.01094,0.00000
0.00000,0.00000,0.46609,0.48033,0.00000,0.00000,0.00000,0.05358
0.00000,0.00000,0.06126,0.87797,0.00000,0.00000,0.00000,0.06078
0.00000,0.00000,0.00000,0.00000,1.00000,0.00000,0.00000,0.00000
0.00000,0.00000,0.00000,0.00000,1.00000,0.00000,0.00000,0.00000
0.00001,0.00000,0.00000,0.00000,0.00000,0.99829,0.00171,0.00000
0.00000,1.00000,0.00000,0.00000,0.00000,0.00000,0.00000,0.00000
0.00000,0.00000,0.00000,0.00000,1.00000,0.00000,0.00000,0.00000
0.00000,0.00000,0.29540,0.70387,0.00000,0.00000,0.00000,0.00073
0.00000,0.00000,0.00000,0.00000,1.00000,0.00000,0.00000,0.00000
0.00000,0.00000,0.00000,0.00000,1.00000,0.00000,0.00000,0.00000
0.00073,0.00000,0.00000,0.00000,0.00000,0.96056,0.03871,0.00000
0.00000,0.00000,0.08064,0.87381,0.00000,0.00000,0.00000,0.04555
0.00000,0.99999,0.00001,0.00000,0.00000,0.00000,0.00000,0.00000
0.00000,1.00000,0.00000,0.00000,0.00000,0.00000,0.00000,0.00000
0.00000,0.00000,0.09792,0.86882,0.00000,0.00000,0.00000,0.03326
0.00011,0.00000,0.00000,0.00000,0.00000,0.99498,0.00491,0.00000
0.00000,0.00000,0.00000,0.00000,0.00000,0.72937,0.27063,0.00000
0.41349,0.00001,0.00000,0.00000,0.00000,0.57075,0.01575,0.00000
0.00000,0.00000,0.06995,0.90129,0.00000,0.00000,0.00000,0.02876
0.00178,0.00000,0.00000,0.00000,0.00000,0.96655,0.03166,0.00000
0.00000,0.00000,0.00000,0.00000,1.00000,0.00000,0.00000,0.00000
0.00000,0.00000,0.00000,0.00000,1.00000,0.00000,0.00000,0.00000
0.12339,0.00000,0.00000,0.00000,0.00000,0.81802,0.05859,0.00000
0.00000,0.00000,0.41137,0.48352,0.00000,0.00000,0.00000,0.10512
0.00197,0.00000,0.00000,0.00000,0.00000,0.64255,0.35547,0.00000
0.00000,0.00000,0.00000,0.00000,1.00000,0.00000,0.00000,0.00000
0.00032,0.00000,0.00000,0.00000,0.00000,0.99865,0.00102,0.00000
0.00000,0.00000,0.07156,0.90930,0.00000,0.00000,0.00000,0.01913
0.00000,0.00000,0.00000,0.00000,1.00000,0.00000,0.00000,0.00000
0.00030,0.00000,0.00000,0.00000,0.00000,0.25827,0.74144,0.00000
0.00002,0.00000,0.00000,0.00000,0.00000,0.87158,0.12840,0.00000
0.00000,0.00000,0.00000,0.00000,1.00000,0.00000,0.00000,0.00000
0.00000,0.00000,0.14664,0.37363,0.00000,0.00000,0.00000,0.47973
0.00280,0.00000,0.00000,0.00000,0.00000,0.91325,0.08395,0.00000
0.00000,0.00000,0.00373,0.97529,0.00000,0.00000,0.00000,0.02098
0.00000,0.00000,0.00000,0.00000,1.00000,0.00000,0.00000,0.00000
0.00000,0.00000,0.04454,0.95206,0.00000,0.00000,0.00000,0.00340
0.00063,0.00000,0.00000,0.00000,0.00000,0.71973,0.27964,0.00000
0.02210,0.00000,0.00000,0.00000,0.00000,0.97790,0.00000,0.00000
0.00000,0.00000,0.03596,0.66305,0.00000,0.00000,0.00000,0.30099
0.00000,0.00000,0.00000,0.00000,0.00000,0.87833,0.12167,0.00000
0.00001,0.00000,0.00000,0.00000,0.00000,0.99886,0.00114,0.00000
0.00526,0.00000,0.00000,0.00000,0.00000,0.65230,0.34244,0.00000
0.01836,0.00000,0.00000,0.00000,0.00000,0.96886,0.01278,0.00000
0.00000,1.00000,0.00000,0.00000,0.00000,0.00000,0.00000,0.00000
0.00000,0.00000,0.32505,0.66524,0.00000,0.00000,0.00000,0.00971
0.07737,0.00000,0.00000,0.00000,0.00000,0.92117,0.00146,0.00000
0.00000,0.00000,0.00000,0.00000,1.00000,0.00000,0.00000,0.00000
0.00000,0.99999,0.00001,0.00000,0.00000,0.00000,0.00000,0.00000
0.00000,0.00000,0.00000,0.00000,1.00000,0.00000,0.00000,0.00000
0.00000,0.00000,0.73676,0.23727,0.00000,0.00000,0.00000,0.02597
0.00000,0.00000,0.00000,0.00000,1.00000,0.00000,0.00000,0.00000
0.00021,0.00000,0.00000,0.00000,0.00000,0.57183,0.42796,0.00000
0.00000,0.00000,0.00000,0.00000,1.00000,0.00000,0.00000,0.00000
0.00000,0.00000,0.04326,0.94690,0.00000,0.00000,0.00000,0.00984
0.00000,0.00000,0.00000,0.00000,1.00000,0.00000,0.00000,0.00000
0.00004,0.00000,0.00000,0.00000,0.00000,0.33117,0.66880,0.00000
0.00000,0.00000,0.34369,0.59647,0.00000,0.00000,0.00000,0.05983
0.00007,0.00000,0.00000,0.00000,0.00000,0.51060,0.48933,0.00000
0.00000,1.00000,0.00000,0.00000,0.00000,0.00000,0.00000,0.00000
0.00001,0.00000,0.00000,0.00000,0.00000,0.91079,0.08919,0.00000
0.00000,0.00000,0.31738,0.49829,0.00000,0.00000,0.00000,0.18433
0.00000,0.00000,0.00000,0.00000,1.00000,0.00000,0.00000,0.00000
0.02192,0.00000,0.00000,0.00000,0.00000,0.91837,0.05971,0.00000
0.00000,0.00000,0.00886,0.42031,0.00000,0.00000,0.00000,0.57084
0.00000,0.00000,0.00000,0.00000,1.00000,0.00000,0.00000,0.00000
0.00000,0.00000,0.15197,0.84046,0.00000,0.00000,0.00000,0.00758
0.00000,1.00000,0.00000,0.00000,0.00000,0.00000,0.00000,0.00000
0.00019,0.00000,0.00000,0.00000,0.00000,0.71097,0.28885,0.00000
0.00000,0.00000,0.00000,0.00000,1.00000,0.00000,0.00000,0.00000
0.00044,0.00000,0.00000,0.00000,0.00000,0.99940,0.00016,0.00000
0.00000,0.00000,0.00000,0.00000,1.00000,0.00000,0.00000,0.00000
0.00000,0.00000,0.00000,0.00000,0.00000,0.84488,0.15512,0.00000
0.16637,0.00000,0.00000,0.00000,0.00000,0.83075,0.00288,0.00000
0.00000,0.00000,0.05261,0.82157,0.00000,0.00000,0.00000,0.12582
0.00000,0.00000,0.05939,0.93570,0.00000,0.00000,0.00000,0.00491
0.18642,0.00000,0.00000,0.00000,0.00000,0.50303,0.31055,0.00000
0.00000,0.00000,0.00000,0.00000,0.00000,0.83494,0.16506,0.00000
0.00000,0.00000,0.29906,0.62036,0.00000,0.00000,0.00000,0.08058
0.00014,0.00000,0.00000,0.00000,0.00000,0.98529,0.01458,0.00000
0.00000,0.00000,0.01520,0.75681,0.00000,0.00000,0.00000,0.22799
0.07584,0.00000,0.00000,0.00000,0.00000,0.92305,0.00112,0.00000
0.00000,0.00000,0.02497,0.97229,0.00000,0.00000,0.00000,0.00274
0.00001,0.00000,0.00000,0.00000,0.00000,0.65098,0.34902,0.00000
0.00003,0.00000,0.00000,0.00000,0.00000,0.58643,0.41354,0.00000
0.00000,0.00000,0.00000,0.00000,1.00000,0.00000,0.00000,0.00000
0.00023,0.00000,0.00000,0.00000,0.00000,0.97903,0.02075,0.00000
0.00000,0.00000,0.19150,0.54348,0.00000,0.00000,0.00000,0.26501
0.00017,0.00000,0.00000,0.00000,0.00000,0.66507,0.33475,0.00000
0.00000,0.00000,0.45156,0.40334,0.00000,0.00000,0.00000,0.14510
0.00000,0.00000,0.28891,0.45461,0.00000,0.00000,0.00000,0.25648
0.00000,0.00000,0.08322,0.89840,0.00000,0.00000,0.00000,0.01838
0.00000,0.00000,0.55507,0.44156,0.00000,0.00000,0.00000,0.00337
0.00000,0.00000,0.01111,0.76802,0.00000,0.00000,0.00000,0.22087
0.00000,0.00000,0.00000,0.00000,0.00000,0.99843,0.00157,0.00000
0.00019,0.00000,0.00000,0.00000,0.00000,0.99854,0.00126,0.00000
0.00000,0.00000,0.00000,0.00000,0.00000,0.69164,0.30836,0.00000
0.23757,0.00000,0.00000,0.00000,0.00000,0.76023,0.00220,0.00000
0.00626,0.00000,0.00000,0.00000,0.00000,0.86030,0.13344,0.00000
0.05702,0.00000,0.00000,0.00000,0.00000,0.63756,0.30542,0.00000
0.00130,0.00000,0.00000,0.00000,0.00000,0.99755,0.00114,0.00000
0.00000,0.00000,0.00000,0.00000,1.00000,0.00000,0.00000,0.00000
0.00000,0.00000,0.00000,0.00000,0.00000,0.90883,0.09117,0.00000
0.00000,1.00000,0.00000,0.00000,0.00000,0.00000,0.00000,0.00000
0.00000,0.00000,0.00000,0.00000,1.00000,0.00000,0.00000,0.00000
0.36008,0.00000,0.00000,0.00000,0.00000,0.63982,0.00010,0.00000
0.00221,0.00000,0.00000,0.00000,0.00000,0.99774,0.00006,0.00000
0.01030,0.00000,0.00001,0.00002,0.06256,0.30911,0.61793,0.00007
0.00000,0.00000,0.00000,0.00000,1.00000,0.00000,0.00000,0.00000
0.00000,0.00000,0.45421,0.54536,0.00000,0.00000,0.00000,0.00044
0.00000,0.00000,0.00000,0.00000,1.00000,0.00000,0.00000,0.00000
0.00000,0.00000,0.06401,0.93181,0.00000,0.00000,0.00000,0.00418
0.00000,0.00000,0.20414,0.79374,0.00000,0.00000,0.00000,0.00212
0.00000,0.00000,0.01520,0.76916,0.00000,0.00000,0.00000,0.21565
0.00000,0.00000,0.52873,0.46703,0.00000,0.00000,0.00000,0.00424
0.00010,0.00000,0.00000,0.00000,0.00000,0.57051,0.42939,0.00000
0.00000,0.00000,0.16653,0.83157,0.00000,0.00000,0.00000,0.00190
0.00000,0.00000,0.00000,0.00000,0.00000,0.69504,0.30496,0.00000
0.00000,0.00000,0.00000,0.00000,1.00000,0.00000,0.00000,0.00000
0.00000,0.00000,0.00000,0.00000,1.00000,0.00000,0.00000,0.00000
0.00032,0.00000,0.00000,0.00000,0.00000,0.62023,0.37945,0.00000
0.00000,0.00000,0.00000,0.00000,1.00000,0.00000,0.00000,0.00000
0.00000,0.00000,0.00000,0.00000,1.00000,0.00000,0.00000,0.00000
0.00476,0.00000,0.00000,0.00000,0.00000,0.85561,0.13963,0.00000
0.00000,0.99999,0.00001,0.00000,0.00000,0.00000,0.00000,0.00000
0.00147,0.00000,0.00000,0.00000,0.00000,0.99729,0.00124,0.00000
0.00506,0.00000,0.00000,0.00000,0.00000,0.90245,0.09249,0.00000
0.00000,0.00000,0.82215,0.17768,0.00000,0.00000,0.00000,0.00017
0.00006,0.00000,0.00000,0.00000,0.00000,0.40749,0.59245,0.00000
0.00000,0.00000,0.11434,0.87869,0.00000,0.00000,0.00000,0.00697
0.00000,0.00000,0.00047,0.40723,0.00014,0.00000,0.00000,0.59215
0.00000,0.00000,0.00000,0.00000,1.00000,0.00000,0.00000,0.00000
0.14321,0.00000,0.00000,0.00000,0.00000,0.85658,0.00021,0.00000
0.00000,0.00000,0.00000,0.00000,1.00000,0.00000,0.00000,0.00000
0.00240,0.00000,0.00000,0.00000,0.00000,0.98255,0.01505,0.00000
0.00000,0.00000,0.53640,0.36776,0.00000,0.00000,0.00000,0.09584
